98287
68797
57758
94534
62050
41693
22946
98203
81921
94729
1419
65866
93298
65006
94998
96747
75072
16845
53296
21585
17996
5563
33765
79383
58484
71978
39301
81763
75650
17645
24076
86277
57759
32431
74361
41919
93148
33230
77865
27616
30226
25456
92476
77595
81372
17403
13258
76315
16302
1652
15190
10046
1948
67406
18377
82178
97908
22967
82293
35004
9225
88524
86157
71993
31534
66015
93592
41449
97564
5010
31524
24985
48512
61415
35576
72371
8996
89253
27255
38106
40089
14839
91802
4442
81355
17398
19846
20598
69879
80495
60833
48585
41937
84605
11725
82285
81260
82728
30549
98361
76784
38173
21126
5059
92306
6454
82672
78151
30659
11710
55961
11991
95824
2127
26319
68080
17791
68569
63017
73549
7084
75938
84420
7620
48479
87742
38804
15343
26808
60955
81826
4857
1614
50419
13378
16882
12004
89909
8938
3344
98219
10420
43482
15772
72222
15315
59682
83510
56065
56692
76310
56820
33806
47650
67655
572
30457
1089
70246
50500
39729
7281
89279
85912
71260
49620
83891
30220
77580
10840
7786
63857
51237
40385
69708
22857
53284
37767
56860
60827
45801
56392
33621
72008
53133
47708
87767
8805
69223
46465
46885
78411
61712
44473
28804
70066
97412
12434
21567
46983
28290
7271
10887
35146
32313
45829
85950
54941
99252
34904
58113
70972
88025
22262
21211
80445
59165
73643
67125
21134
3703
86712
45677
56227
48041
24475
24098
85233
13326
87916
58002
37654
47378
50428
33190
29273
27410
45058
75593
99676
52565
29688
55269
4029
6745
54974
29607
2120
74221
25186
80762
73376
33234
73066
2842
87772
36051
66390
85434
79496
7906
26135
21873
2713
61788
63979
42942
96948
31192
40325
39734
53352
68818
3112
92990
52530
45531
92395
70488
39611
11044
85999
88896
12900
45391
17514
62015
28718
38583
19475
73428
66910
84786
31785
18339
59065
66865
68268
56709
54588
37357
52693
7828
88568
72716
19689
95038
19754
89099
25699
18587
27004
60010
30420
94443
88182
68822
90161
47385
16761
62449
51121
87810
98302
46411
42797
33431
51461
76067
49558
59392
36362
53962
81898
73335
46909
39037
77941
15550
53026
9894
40481
78583
3825
1335
55194
25544
63347
51082
41589
61843
26797
51878
59849
81191
57073
3118
33956
63447
88930
95671
54265
49248
71244
43763
91213
54363
56626
98580
85883
15308
2024
39669
82866
76994
13961
42282
36220
43079
57730
61458
50226
10125
51097
56982
13294
97837
79998
7223
45510
69350
6200
24476
8199
7911
85063
89542
17310
79312
75306
69131
61516
63002
2071
66071
50631
79074
29589
79365
10279
73189
10418
18810
94706
46955
4484
27208
11195
37434
3028
12099
36788
56157
50127
78516
60803
95410
27555
84440
5124
97518
57551
11414
58313
61505
82443
54219
9308
30706
98
85562
81784
64798
69809
44396
51230
50194
54508
29799
73380
43858
32088
56257
64809
77341
91119
40762
54389
70190
24414
47292
67716
14900
47652
10052
15708
99143
99666
93288
33306
25295
26021
22517
54506
72125
8154
39707
15936
18980
76621
93244
52761
18950
38879
72431
87896
64216
59560
35833
18377
34130
54340
62954
71138
54602
97267
79520
34585
25959
95818
68092
72019
95668
57953
77748
88323
62213
61115
89299
52256
96873
34356
75745
73315
61278
81682
21660
94294
80341
7241
29700
88534
2561
51093
47639
44294
42640
8096
95107
77762
54990
81829
55663
40941
30961
20484
26857
80951
47440
92314
88625
63280
20005
84497
58666
93077
29910
51153
52368
55775
907
93780
54396
51211
99291
30542
39247
13804
18542
99555
48867
95488
88531
45784
46838
37780
18521
61119
20734
74686
43044
82879
96866
89124
90216
7262
64993
92126
33186
41128
84446
6260
17137
98053
57718
12584
76619
42716
12700
63867
71000
1453
30582
75920
69406
86221
92835
83570
10796
24208
97762
88141
49642
46003
14765
29288
73205
61472
2791
85575
42482
44423
18337
45425
65677
54615
77940
92887
60358
48856
20268
21126
98506
71670
33715
20622
57237
70433
76840
88785
17228
49871
21031
72985
60747
66487
87455
90022
21672
64732
33660
61557
30986
73634
69114
67319
82993
15129
43517
45657
19850
23463
56907
64528
95003
38829
86368
45046
29716
17769
10585
44450
21153
97919
40538
95680
95289
65295
32297
56688
23464
98602
66195
44216
37460
6938
25566
13975
84762
34791
97792
1967
62993
81353
50590
60193
60527
69973
7242
4023
8873
7934
55935
38261
21691
96788
80398
44221
55134
89107
91707
91124
74716
38779
74439
81693
55017
58894
34276
54025
70272
83754
48704
39668
56254
29703
77635
21268
36851
63242
86587
42250
12344
14291
71464
95688
644
17459
51051
59871
7606
24862
10991
54009
78001
10265
41343
59115
44885
76244
8708
86310
51811
83558
43493
77622
69691
45106
3042
92801
68132
65550
92167
69783
29642
62161
84043
46099
14387
72383
86465
93905
93003
39316
41174
52222
65469
67551
27221
36584
75180
58712
63282
68499
9064
68552
68409
94948
46972
75618
45821
61597
86551
15255
213
62517
23427
12124
85416
13864
10765
39413
6349
89343
57118
43591
66837
11209
46995
99786
63208
12164
84674
4809
72465
70697
68510
72319
73420
75253
396
67812
69329
91082
22962
9842
51380
87682
55776
68318
53789
34476
70986
10723
3354
87690
8758
82724
58943
72345
83324
60956
69719
9871
71564
82628
54845
54058
7811
39107
21916
75875
30909
18829
96597
81170
42536
98593
31703
54326
39449
11745
404
95657
76516
66737
55287
60674
2267
50218
52673
15296
84212
25061
99902
92660
7242
25650
82217
74404
85211
60249
65417
22118
73129
53423
50662
53123
5402
266
78558
88808
14164
58564
41130
3479
975
75056
62311
66988
45039
27596
50258
5387
31574
66286
8098
413
75067
53542
13664
10832
93929
35592
43283
26493
65360
26020
19906
59415
52296
45771
11615
35282
47860
43398
93035
73470
27029
14379
9156
34020
30045
48948
48808
65957
27626
64182
43296
12928
34131
17958
54640
19332
41553
59922
7417
32957
44616
47764
48378
18596
15201
45844
88799
81187
62974
27634
95979
46733
88288
23435
52326
64601
93344
90482
93149
75732
68032
33839
67592
37909
8028
73340
41051
11397
54435
34391
71974
86145
66635
38566
51135
75154
52998
83722
87241
7735
87704
32721
59185
31056
36197
74904
32302
68735
96612
85079
53649
91180
40047
81064
99647
23948
98628
72721
48337
57637
7087
2939
