84
70
81
14
47
21
14
29
28
79
90
65
77
26
96
78
94
47
64
75
72
45
63
64
87
62
52
55
67
56
61
7
60
75
92
18
98
12
78
7
1
98
17
5
48
37
21
41
30
18
67
37
24
62
95
78
21
10
48
28
31
26
65
24
77
23
7
21
38
96
40
31
15
39
13
44
57
68
27
5
54
74
51
11
86
58
27
28
6
43
78
99
79
9
89
58
96
9
98
68
44
46
34
75
93
0
49
32
88
75
3
98
6
56
14
78
52
9
21
75
80
46
5
98
11
49
60
36
98
50
63
72
39
76
34
47
76
22
92
33
41
12
88
19
14
58
15
90
23
70
40
51
14
50
10
89
49
93
97
13
5
83
77
51
98
53
55
93
31
21
43
98
24
72
45
77
82
87
94
74
85
57
3
28
75
20
0
11
92
97
57
73
29
84
78
1
88
42
67
38
73
44
94
68
71
57
64
65
96
51
11
68
5
46
70
19
19
77
27
38
98
61
95
60
43
17
67
86
36
61
46
38
26
45
18
95
92
78
88
40
66
66
16
70
61
97
49
97
4
34
36
64
93
83
57
27
79
13
41
63
10
76
44
69
95
90
77
96
36
66
69
45
78
98
41
25
92
10
34
42
35
70
43
20
0
43
91
15
51
59
47
15
34
14
81
34
75
90
65
23
90
28
39
45
84
16
20
28
69
97
55
14
28
15
31
6
99
13
91
57
1
30
65
31
30
97
72
98
76
50
60
66
95
8
16
99
8
83
27
56
1
86
70
47
1
70
73
58
2
85
57
5
71
30
6
90
75
15
67
45
78
52
17
78
92
85
31
40
87
65
48
22
59
44
65
74
90
48
85
31
70
31
87
83
3
69
53
85
94
3
25
66
9
59
81
21
89
97
78
2
23
66
70
58
23
33
95
68
92
45
95
15
36
87
92
66
59
62
5
65
69
66
10
65
51
43
16
44
59
78
93
50
74
91
4
23
63
84
38
22
30
24
47
70
66
58
33
78
69
47
66
1
81
11
9
92
64
42
72
84
57
36
57
52
61
27
21
26
35
95
78
36
41
39
19
87
38
51
89
27
4
41
44
86
69
11
81
6
44
36
71
87
62
43
17
68
3
58
25
92
10
62
16
47
99
74
79
79
52
32
44
53
71
5
85
44
21
98
26
57
0
53
18
57
52
56
47
63
78
0
43
37
19
31
1
69
48
10
51
90
60
12
2
7
40
47
27
83
85
73
81
93
57
0
34
38
92
63
18
48
7
60
43
74
37
67
88
71
77
16
22
34
22
49
28
54
87
45
79
56
7
44
43
99
86
13
24
4
57
55
3
50
65
22
77
46
74
64
24
66
1
68
59
54
89
87
11
1
67
94
29
60
98
95
9
51
54
43
57
91
77
13
4
94
12
59
50
82
10
67
54
39
87
90
63
15
10
6
53
49
13
78
71
49
15
68
55
3
10
54
83
43
1
40
3
27
60
68
10
75
37
20
54
92
87
19
38
10
61
10
85
72
59
70
62
84
80
83
24
96
80
55
63
90
99
95
41
50
51
29
67
92
38
50
93
13
11
2
97
3
6
35
8
19
84
55
1
95
15
72
53
91
1
57
37
43
73
69
17
92
70
94
37
2
91
63
10
75
13
5
78
85
76
77
52
42
88
78
36
79
6
46
13
28
74
46
7
21
8
80
18
92
80
94
8
34
88
71
28
58
8
63
98
67
76
53
73
48
86
17
94
15
91
81
87
13
40
94
49
3
38
90
70
20
79
77
31
55
89
44
85
93
15
42
26
89
16
83
61
81
33
80
33
13
72
34
57
21
87
86
48
1
40
52
13
17
91
67
44
79
99
85
92
35
23
32
80
56
71
95
84
18
71
30
25
73
55
82
33
37
77
71
63
56
55
81
8
55
69
54
6
97
64
34
16
62
81
65
54
6
58
63
49
2
0
32
62
90
9
83
93
11
0
47
8
69
30
45
58
36
34
97
71
34
1
92
91
93
12
54
64
90
47
58
96
92
76
26
84
63
60
68
59
42
49
62
71
48
89
91
65
97
33
66
80
25
46
71
49
35
59
64
24
88
91
36
7
45
34
27
35
43
99
52
86
88
32
45
42
80
28
85
4
62
26
1
75
29
30
75
76
57
49
1
44
47
80
41
51
13
34
46
43
1
21
75
90
3
92
57
81
35
30
83
28
96
93
96
47
52
78
96
0
83
80
29
55
42
30
42
44
74
36
38
26
21
90
64
88
90
65
77
1
89
15
30
90
3
71
12
98
10
39
43
98
18
46
13
55
61
81
86
43
87
95
78
20
17
25
24
73
89
58
98
80
73
5
72
1
39
12
10
37
4
32
95
28
92
69
86
86
20
35
84
57
65
83
55
38
80
14
49
8
87
52
65
99
48
20
11
3
51
72
16
0
29
23
72
86
29
70
40
32
3
11
17
86
80
37
0
46
43
51
64
45
49
31
21
2
7
98
66
74
44
14
0
86
6
24
42
94
51
59
44
43
16
24
68
89
93
35
29
71
77
0
84
75
78
36
95
80
95
35
74
50
72
50
93
31
34
23
43
3
90
53
82
84
81
98
83
73
4
85
20
30
8
82
7
95
2
43
97
89
63
61
7
85
51
95
20
97
76
29
36
31
43
14
27
6
46
89
47
4
30
57
9
84
58
91
29
6
78
66
57
80
40
28
18
20
1
58
60
91
60
51
82
17
40
16
26
52
23
51
97
49
10
24
15
22
21
26
76
33
31
89
72
64
36
34
12
89
10
44
31
9
14
98
43
7
38
36
23
72
50
11
54
43
30
35
85
63
48
59
75
70
10
13
89
96
63
63
38
48
26
96
6
0
20
2
6
63
49
74
94
80
75
79
78
73
77
15
72
86
71
23
38
54
72
42
7
90
86
57
13
21
71
53
40
62
94
73
38
93
79
88
19
22
74
78
52
97
20
86
29
87
43
22
79
54
93
82
12
50
99
11
64
84
82
30
39
59
95
69
58
12
7
62
75
78
84
2
89
83
7
13
32
58
10
70
50
2
2
70
22
37
23
89
98
62
78
36
39
63
52
3
43
25
76
2
46
86
66
98
67
70
96
79
33
92
1
56
8
29
38
31
75
53
31
70
1
58
46
2
23
20
24
60
51
34
17
45
73
89
94
70
81
64
8
81
26
14
48
30
0
41
36
51
31
52
0
19
53
6
58
44
49
48
78
58
72
74
96
3
14
10
63
15
33
45
5
50
52
37
30
16
78
14
34
87
96
76
81
78
74
45
17
50
20
49
98
13
6
67
84
32
42
53
33
77
32
12
92
4
17
38
41
51
40
15
10
88
87
19
4
87
97
25
12
82
59
54
10
47
64
9
53
18
58
22
85
28
31
46
43
14
45
69
82
48
93
45
39
58
0
10
99
28
61
30
17
22
29
91
45
10
95
77
3
98
33
74
9
77
85
0
60
7
45
84
83
81
39
15
78
26
22
27
47
96
31
33
3
21
63
78
17
32
33
62
0
96
77
93
21
1
31
11
43
85
14
93
43
3
91
36
74
54
59
33
54
88
43
73
78
93
28
40
27
97
80
29
55
94
28
85
94
0
95
43
98
71
58
45
99
81
11
47
99
66
87
37
53
28
73
56
52
17
9
50
98
45
1
97
17
19
72
8
25
83
29
51
63
88
44
31
21
59
77
51
8
98
36
79
26
9
36
79
29
78
17
99
26
96
56
50
95
64
83
15
19
68
63
67
62
47
65
16
30
46
65
95
27
81
91
44
55
61
0
90
21
25
30
90
66
1
44
70
5
23
90
31
3
22
92
18
81
77
47
92
39
30
71
61
56
42
24
98
96
49
37
58
91
52
51
50
34
20
87
96
41
63
70
51
63
10
81
67
74
70
65
60
27
15
41
88
7
34
45
48
80
85
88
77
14
14
93
80
43
17
27
2
73
9
63
66
5
82
98
73
85
51
98
36
25
85
44
17
63
87
86
27
35
82
62
94
68
58
91
16
50
92
52
15
67
69
17
9
44
76
71
83
8
79
96
77
42
90
52
65
59
90
0
12
41
15
53
60
56
85
35
28
48
26
50
39
32
63
51
29
14
55
72
47
59
68
81
40
3
62
60
15
97
92
96
53
97
20
88
9
35
32
35
30
63
59
82
17
93
1
49
94
10
56
25
56
83
31
70
63
20
51
22
41
72
33
89
37
29
9
94
57
92
86
2
32
89
90
87
17
85
66
78
9
41
80
34
10
80
59
24
65
83
87
17
55
40
96
81
77
9
20
95
31
28
13
64
99
46
5
3
35
76
35
26
69
29
93
46
1
55
13
18
82
83
70
33
74
94
84
66
20
5
82
30
21
76
25
96
49
54
23
24
33
14
16
76
34
10
60
32
34
3
49
44
19
52
84
87
16
80
29
58
84
60
9
1
56
39
58
84
69
47
73
74
94
98
17
88
22
79
1
91
65
4
64
28
30
30
30
59
25
24
13
48
22
86
22
42
8
58
88
9
57
0
97
5
7
75
38
24
39
51
72
88
64
57
68
85
24
63
96
57
13
98
30
80
5
93
92
10
18
1
61
60
92
82
72
29
74
60
82
89
27
42
75
7
3
27
84
86
97
19
37
9
32
99
56
58
35
37
8
13
45
79
55
68
22
44
65
65
46
87
3
93
32
92
87
37
75
30
68
60
83
31
97
70
70
62
62
72
83
96
73
48
49
85
66
65
89
18
2
18
78
73
67
47
12
90
17
77
32
29
56
16
37
64
38
68
70
90
33
58
47
67
23
73
89
60
14
73
65
54
74
78
15
23
44
80
55
48
87
68
46
65
38
91
41
14
10
64
79
16
28
73
41
92
68
3
51
84
84
13
22
72
61
48
97
45
27
77
28
78
40
55
5
11
56
24
32
22
36
40
17
87
57
99
5
11
68
31
0
90
79
39
25
43
81
95
96
0
69
51
54
12
73
64
22
46
22
51
58
16
23
14
71
71
85
77
44
31
21
69
58
7
9
3
50
96
67
23
73
73
52
32
9
35
92
12
75
64
72
34
58
84
4
81
21
93
59
56
85
28
84
24
3
22
1
37
27
51
67
81
60
69
77
85
44
47
92
41
77
93
32
2
67
65
99
74
79
94
63
75
69
76
19
86
99
72
31
64
4
71
70
83
70
35
81
50
39
52
67
72
57
57
19
31
48
68
4
50
66
15
96
68
56
88
60
54
51
60
88
33
46
45
56
62
28
8
77
11
72
72
41
92
84
48
64
37
45
14
1
13
4
3
77
92
67
0
9
77
72
92
56
85
46
95
70
47
33
82
20
88
21
79
24
57
98
31
55
3
64
7
99
42
36
52
70
82
42
62
53
27
96
48
22
31
73
5
26
62
38
9
0
50
86
60
92
27
81
70
15
22
76
25
98
61
79
53
43
32
30
72
13
93
99
67
16
66
38
76
30
54
60
22
55
63
40
6
98
23
40
84
94
78
54
40
72
29
83
88
42
94
94
16
5
98
53
66
67
9
84
13
30
43
13
74
15
53
99
21
2
10
30
21
97
35
18
62
88
47
38
29
98
14
56
50
43
50
1
77
90
55
7
22
94
99
64
18
67
99
27
62
23
4
86
66
26
67
25
5
40
5
89
81
51
84
51
97
54
7
63
15
93
66
98
49
7
46
21
99
47
48
54
99
30
5
92
63
55
5
66
82
11
40
81
35
9
18
16
71
20
75
58
69
16
84
10
30
1
82
38
77
52
59
29
3
39
53
68
70
28
7
4
25
67
25
35
55
24
62
5
28
52
24
61
14
87
59
50
76
1
35
48
71
90
72
91
58
53
13
85
40
79
58
23
26
63
87
37
87
94
20
19
41
82
39
76
52
10
18
99
77
2
39
23
35
34
94
70
0
13
79
7
20
83
94
9
5
85
42
64
90
97
8
73
97
82
85
41
82
71
43
53
34
72
33
57
53
24
19
11
75
83
11
52
79
24
51
58
7
12
60
30
1
36
36
77
26
8
4
53
83
77
89
90
13
75
90
73
57
77
74
21
32
55
91
86
62
95
34
6
16
5
52
51
13
27
10
54
46
72
36
22
36
14
13
65
30
20
65
57
79
31
78
44
31
81
0
30
70
21
18
79
3
18
89
48
87
97
63
70
42
30
61
46
61
31
39
25
51
40
75
19
18
9
40
62
79
29
36
9
58
3
73
82
91
36
34
63
86
12
8
1
63
10
73
13
80
51
44
53
28
90
98
70
42
10
72
13
98
70
38
10
65
95
7
95
48
42
10
6
35
34
17
14
49
48
71
32
14
7
63
37
54
75
99
36
2
28
34
49
6
75
45
73
70
98
46
10
11
99
88
27
2
99
30
84
75
61
82
80
93
0
33
60
41
96
83
91
86
91
99
99
35
56
82
7
65
84
24
81
21
67
99
11
11
19
77
25
35
44
5
80
96
82
45
20
30
32
69
10
86
26
47
80
62
19
65
27
59
40
13
9
99
41
77
98
71
9
38
56
34
84
80
8
21
71
37
71
18
34
93
60
96
54
77
8
75
42
33
22
9
46
69
45
36
11
18
30
41
47
22
85
15
5
85
12
70
82
0
91
20
54
34
1
35
0
55
60
62
90
7
42
68
69
3
17
11
53
71
21
11
45
66
19
10
42
56
72
69
89
16
77
41
95
65
25
89
41
78
37
17
40
72
12
68
84
82
93
36
42
51
53
10
58
73
6
13
30
27
70
4
8
18
58
90
86
30
9
90
